/* Table automatically generated by a python dictionary.
 The Substitution Matrix format is as follow:


A	C	D	E	F	G	H	I	K	L	M	N	P	Q	R	S	T	V	W	Y	
0.0	0.935	0.976	0.984	0.958	0.904	0.968	0.775	0.968	0.859	0.778	0.898	0.929	0.969	0.991	0.623	0.530	0.805	0.993	0.975	
0.935	0.0	0.992	0.995	0.954	0.980	0.955	0.938	0.988	0.933	0.949	0.956	0.980	0.980	0.982	0.844	0.871	0.969	0.990	0.934	
0.976	0.992	0.0	0.852	0.991	0.968	0.942	0.983	0.968	0.986	0.984	0.752	0.986	0.965	0.997	0.924	0.950	0.991	0.996	0.982	
0.984	0.995	0.852	0.0	0.995	0.986	0.971	0.990	0.918	0.991	0.990	0.941	0.989	0.904	0.996	0.955	0.972	0.988	0.998	0.988	
0.958	0.954	0.991	0.995	0.0	0.995	0.949	0.864	0.984	0.715	0.854	0.965	0.974	0.970	0.993	0.913	0.903	0.935	0.989	0.781	
0.904	0.980	0.968	0.986	0.995	0.0	0.987	0.981	0.987	0.986	0.984	0.958	0.992	0.990	0.988	0.905	0.957	0.987	0.995	0.995	
0.968	0.955	0.942	0.971	0.949	0.987	0.0	0.965	0.950	0.959	0.968	0.813	0.965	0.820	0.957	0.916	0.924	0.982	0.995	0.773	
0.775	0.938	0.983	0.990	0.864	0.981	0.965	0.0	0.964	0.511	0.451	0.918	0.953	0.957	0.993	0.802	0.526	0.281	0.988	0.947	
0.968	0.988	0.968	0.918	0.984	0.987	0.950	0.964	0.0	0.963	0.945	0.818	0.965	0.862	0.964	0.903	0.892	0.979	0.989	0.971	
0.859	0.933	0.986	0.991	0.715	0.986	0.959	0.511	0.963	0.0	0.433	0.924	0.927	0.936	0.981	0.806	0.670	0.711	0.963	0.912	
0.778	0.949	0.984	0.990	0.854	0.984	0.968	0.451	0.945	0.433	0.0	0.904	0.948	0.942	0.992	0.748	0.480	0.592	0.980	0.947	
0.898	0.956	0.752	0.941	0.965	0.958	0.813	0.918	0.818	0.924	0.904	0.0	0.932	0.907	0.987	0.658	0.765	0.950	0.990	0.912	
0.929	0.980	0.986	0.989	0.974	0.992	0.965	0.953	0.965	0.927	0.948	0.932	0.0	0.929	0.985	0.867	0.875	0.971	0.994	0.982	
0.969	0.980	0.965	0.904	0.970	0.990	0.820	0.957	0.862	0.936	0.942	0.907	0.929	0.0	0.942	0.922	0.904	0.973	0.997	0.960	
0.991	0.982	0.997	0.996	0.993	0.988	0.957	0.993	0.964	0.981	0.992	0.987	0.985	0.942	0.0	0.988	0.988	0.994	0.993	0.993	
0.623	0.844	0.924	0.955	0.913	0.905	0.916	0.802	0.903	0.806	0.748	0.658	0.867	0.922	0.988	0.0	0.449	0.873	0.978	0.933	
0.530	0.871	0.950	0.972	0.903	0.957	0.924	0.526	0.892	0.670	0.480	0.765	0.875	0.904	0.988	0.449	0.0	0.655	0.982	0.940	
0.805	0.969	0.991	0.988	0.935	0.987	0.982	0.281	0.979	0.711	0.592	0.950	0.971	0.973	0.994	0.873	0.655	0.0	0.992	0.974	
0.993	0.990	0.996	0.998	0.989	0.995	0.995	0.988	0.989	0.963	0.980	0.990	0.994	0.997	0.993	0.978	0.982	0.992	0.0	0.989	
0.975	0.934	0.982	0.988	0.781	0.995	0.773	0.947	0.971	0.912	0.947	0.912	0.982	0.960	0.993	0.933	0.940	0.974	0.989	0.0	

*/

double mtrev_120[20][20] = {
0.0, 0.935587917289, 0.976469453986, 0.984701442487, 0.958919791553, 0.904420781137, 0.968104519139, 0.775007380297, 0.968087173484, 0.859531957101, 0.778336548882, 0.898533254578, 0.929085942034, 0.969373022544, 0.991053356736, 0.623077498274, 0.530834597417, 0.805407645262, 0.993535693693, 0.975434975238, 
0.935587917289, 0.0, 0.992440299433, 0.99572488747, 0.954477924623, 0.980790070376, 0.955016686017, 0.938583391451, 0.988177769739, 0.93308196099, 0.949507784996, 0.956425541007, 0.980446836044, 0.980716503824, 0.98214659604, 0.844345825175, 0.871058595577, 0.969261196471, 0.990350794911, 0.934187228569, 
0.976469453986, 0.992440299433, 0.0, 0.852439590677, 0.991716734706, 0.968621347865, 0.942862563166, 0.983921595715, 0.968928587654, 0.986857995698, 0.984951945306, 0.752303633674, 0.986387831247, 0.965681563002, 0.9975059917, 0.924451073085, 0.950849682472, 0.991072787395, 0.996362428817, 0.982975196596, 
0.984701442487, 0.99572488747, 0.852439590677, 0.0, 0.995987825512, 0.98609938566, 0.971752382665, 0.990812425497, 0.918984977599, 0.991699717955, 0.990421469547, 0.941977000428, 0.989381976329, 0.904028205994, 0.996129236027, 0.955507286358, 0.972510407986, 0.988865032506, 0.998973340461, 0.98837772908, 
0.958919791553, 0.954477924623, 0.991716734706, 0.995987825512, 0.0, 0.995456530913, 0.949992328885, 0.864957177585, 0.984507459368, 0.715661256696, 0.854113474919, 0.965876139379, 0.974978616609, 0.970488556663, 0.993794975264, 0.913908835879, 0.903805331463, 0.935216520964, 0.989841902481, 0.781425016789, 
0.904420781137, 0.980790070376, 0.968621347865, 0.98609938566, 0.995456530913, 0.0, 0.987834810345, 0.981893093426, 0.987070170719, 0.986428668909, 0.984263003696, 0.958396344923, 0.992350457764, 0.990831924468, 0.988733853866, 0.905062025637, 0.957245022512, 0.98772123246, 0.995302869491, 0.995524654802, 
0.968104519139, 0.955016686017, 0.942862563166, 0.971752382665, 0.949992328885, 0.987834810345, 0.0, 0.965861643709, 0.950050321916, 0.959668486146, 0.96828753578, 0.813149174489, 0.965880604284, 0.820702506363, 0.957772698475, 0.916047329407, 0.924215159066, 0.982910098741, 0.995023799698, 0.773360437106, 
0.775007380297, 0.938583391451, 0.983921595715, 0.990812425497, 0.864957177585, 0.981893093426, 0.965861643709, 0.0, 0.964752961783, 0.511628265658, 0.451611667756, 0.918537195843, 0.953060174952, 0.957760441157, 0.993237227772, 0.802654338724, 0.526173730499, 0.281728936624, 0.988350560099, 0.947235208772, 
0.968087173484, 0.988177769739, 0.968928587654, 0.918984977599, 0.984507459368, 0.987070170719, 0.950050321916, 0.964752961783, 0.0, 0.963490764342, 0.945346245972, 0.818415689485, 0.965949037725, 0.862613276186, 0.964366672241, 0.903823507831, 0.892138657396, 0.979111683844, 0.989897627879, 0.971729166237, 
0.859531957101, 0.93308196099, 0.986857995698, 0.991699717955, 0.715661256696, 0.986428668909, 0.959668486146, 0.511628265658, 0.963490764342, 0.0, 0.433726801622, 0.924403614887, 0.927435806953, 0.936628702587, 0.981286675202, 0.806076335227, 0.670845694081, 0.711668350193, 0.963311279006, 0.91262116701, 
0.778336548882, 0.949507784996, 0.984951945306, 0.990421469547, 0.854113474919, 0.984263003696, 0.96828753578, 0.451611667756, 0.945346245972, 0.433726801622, 0.0, 0.904611040963, 0.948119901033, 0.942984656409, 0.992304579242, 0.748734748502, 0.480284237543, 0.592006824271, 0.980159082356, 0.947042251681, 
0.898533254578, 0.956425541007, 0.752303633674, 0.941977000428, 0.965876139379, 0.958396344923, 0.813149174489, 0.918537195843, 0.818415689485, 0.924403614887, 0.904611040963, 0.0, 0.932869540049, 0.907797018037, 0.987684155505, 0.658711359993, 0.765093045009, 0.95094665844, 0.99092909355, 0.912115901187, 
0.929085942034, 0.980446836044, 0.986387831247, 0.989381976329, 0.974978616609, 0.992350457764, 0.965880604284, 0.953060174952, 0.965949037725, 0.927435806953, 0.948119901033, 0.932869540049, 0.0, 0.929832390661, 0.985263567387, 0.867802027279, 0.875915425917, 0.971358162211, 0.99499946416, 0.982256610323, 
0.969373022544, 0.980716503824, 0.965681563002, 0.904028205994, 0.970488556663, 0.990831924468, 0.820702506363, 0.957760441157, 0.862613276186, 0.936628702587, 0.942984656409, 0.907797018037, 0.929832390661, 0.0, 0.94244630872, 0.922144452419, 0.904701438982, 0.973469320293, 0.997167340865, 0.960999815738, 
0.991053356736, 0.98214659604, 0.9975059917, 0.996129236027, 0.993794975264, 0.988733853866, 0.957772698475, 0.993237227772, 0.964366672241, 0.981286675202, 0.992304579242, 0.987684155505, 0.985263567387, 0.94244630872, 0.0, 0.988305368579, 0.988732052061, 0.994787311298, 0.99336821916, 0.993842784791, 
0.623077498274, 0.844345825175, 0.924451073085, 0.955507286358, 0.913908835879, 0.905062025637, 0.916047329407, 0.802654338724, 0.903823507831, 0.806076335227, 0.748734748502, 0.658711359993, 0.867802027279, 0.922144452419, 0.988305368579, 0.0, 0.449223524318, 0.873870362949, 0.97858650943, 0.933721166279, 
0.530834597417, 0.871058595577, 0.950849682472, 0.972510407986, 0.903805331463, 0.957245022512, 0.924215159066, 0.526173730499, 0.892138657396, 0.670845694081, 0.480284237543, 0.765093045009, 0.875915425917, 0.904701438982, 0.988732052061, 0.449223524318, 0.0, 0.655673759974, 0.982163439541, 0.940723610998, 
0.805407645262, 0.969261196471, 0.991072787395, 0.988865032506, 0.935216520964, 0.98772123246, 0.982910098741, 0.281728936624, 0.979111683844, 0.711668350193, 0.592006824271, 0.95094665844, 0.971358162211, 0.973469320293, 0.994787311298, 0.873870362949, 0.655673759974, 0.0, 0.992221820547, 0.974656387078, 
0.993535693693, 0.990350794911, 0.996362428817, 0.998973340461, 0.989841902481, 0.995302869491, 0.995023799698, 0.988350560099, 0.989897627879, 0.963311279006, 0.980159082356, 0.99092909355, 0.99499946416, 0.997167340865, 0.99336821916, 0.97858650943, 0.982163439541, 0.992221820547, 0.0, 0.989774836768, 
0.975434975238, 0.934187228569, 0.982975196596, 0.98837772908, 0.781425016789, 0.995524654802, 0.773360437106, 0.947235208772, 0.971729166237, 0.91262116701, 0.947042251681, 0.912115901187, 0.982256610323, 0.960999815738, 0.993842784791, 0.933721166279, 0.940723610998, 0.974656387078, 0.989774836768, 0.0 
};
