/* Table automatically generated by a python dictionary.
 The Substitution Matrix format is as follow:


A	C	D	E	F	G	H	I	K	L	M	N	P	Q	R	S	T	V	W	Y	
0.0	0.847	0.933	0.961	0.875	0.842	0.908	0.555	0.905	0.681	0.553	0.746	0.850	0.906	0.979	0.373	0.291	0.604	0.982	0.922	
0.847	0.0	0.974	0.986	0.897	0.960	0.903	0.856	0.961	0.856	0.861	0.886	0.949	0.946	0.968	0.725	0.759	0.902	0.981	0.873	
0.933	0.974	0.0	0.754	0.974	0.942	0.881	0.953	0.917	0.958	0.952	0.608	0.963	0.916	0.992	0.841	0.889	0.967	0.992	0.953	
0.961	0.986	0.754	0.0	0.986	0.971	0.936	0.972	0.856	0.973	0.972	0.877	0.973	0.835	0.989	0.913	0.938	0.974	0.996	0.971	
0.875	0.897	0.974	0.986	0.0	0.984	0.879	0.712	0.953	0.543	0.693	0.898	0.937	0.925	0.984	0.805	0.766	0.816	0.977	0.636	
0.842	0.960	0.942	0.971	0.984	0.0	0.972	0.955	0.970	0.962	0.959	0.920	0.978	0.976	0.979	0.847	0.911	0.967	0.990	0.985	
0.908	0.903	0.881	0.936	0.879	0.972	0.0	0.906	0.882	0.896	0.902	0.673	0.924	0.692	0.927	0.809	0.831	0.938	0.988	0.626	
0.555	0.856	0.953	0.972	0.712	0.955	0.906	0.0	0.905	0.286	0.186	0.792	0.885	0.888	0.981	0.563	0.277	0.103	0.972	0.869	
0.905	0.961	0.917	0.856	0.953	0.970	0.882	0.905	0.0	0.907	0.880	0.688	0.925	0.753	0.937	0.799	0.798	0.932	0.981	0.932	
0.681	0.856	0.958	0.973	0.543	0.962	0.896	0.286	0.907	0.0	0.264	0.819	0.854	0.868	0.964	0.623	0.443	0.483	0.938	0.817	
0.553	0.861	0.952	0.972	0.693	0.959	0.902	0.186	0.880	0.264	0.0	0.757	0.879	0.866	0.980	0.489	0.227	0.292	0.963	0.864	
0.746	0.886	0.608	0.877	0.898	0.920	0.673	0.792	0.688	0.819	0.757	0.0	0.863	0.794	0.971	0.446	0.570	0.843	0.980	0.821	
0.850	0.949	0.963	0.973	0.937	0.978	0.924	0.885	0.925	0.854	0.879	0.863	0.0	0.870	0.971	0.769	0.781	0.919	0.988	0.953	
0.906	0.946	0.916	0.835	0.925	0.976	0.692	0.888	0.753	0.868	0.866	0.794	0.870	0.0	0.903	0.819	0.805	0.918	0.991	0.901	
0.979	0.968	0.992	0.989	0.984	0.979	0.927	0.981	0.937	0.964	0.980	0.971	0.971	0.903	0.0	0.972	0.972	0.986	0.988	0.982	
0.373	0.725	0.841	0.913	0.805	0.847	0.809	0.563	0.799	0.623	0.489	0.446	0.769	0.819	0.972	0.0	0.201	0.651	0.962	0.846	
0.291	0.759	0.889	0.938	0.766	0.911	0.831	0.277	0.798	0.443	0.227	0.570	0.781	0.805	0.972	0.201	0.0	0.379	0.965	0.853	
0.604	0.902	0.967	0.974	0.816	0.967	0.938	0.103	0.932	0.483	0.292	0.843	0.919	0.918	0.986	0.651	0.379	0.0	0.980	0.918	
0.982	0.981	0.992	0.996	0.977	0.990	0.988	0.972	0.981	0.938	0.963	0.980	0.988	0.991	0.988	0.962	0.965	0.980	0.0	0.980	
0.922	0.873	0.953	0.971	0.636	0.985	0.626	0.869	0.932	0.817	0.864	0.821	0.953	0.901	0.982	0.846	0.853	0.918	0.980	0.0	

*/

double mtrev_200[20][20] = {
0.0, 0.847143446136, 0.93359091474, 0.961317471923, 0.875603732254, 0.842255448494, 0.908960226831, 0.555512222395, 0.905572121274, 0.681253412123, 0.553952938454, 0.746139517727, 0.850938078798, 0.906483133436, 0.979678352171, 0.373568761617, 0.2910115761, 0.604216558066, 0.982522594223, 0.922640660245, 
0.847143446136, 0.0, 0.974352169055, 0.986128229257, 0.897230575173, 0.960692921245, 0.903323194678, 0.856289244051, 0.961203998193, 0.856414477093, 0.861154424017, 0.886280155734, 0.949876635945, 0.946730294915, 0.968406648432, 0.725229794591, 0.759474930496, 0.902398095107, 0.981504767174, 0.873289326937, 
0.93359091474, 0.974352169055, 0.0, 0.754365549315, 0.974550570674, 0.942183277373, 0.881773871642, 0.953293931363, 0.917694494423, 0.958370280951, 0.952173953281, 0.608765729831, 0.963966219227, 0.916009850651, 0.992044695289, 0.8414458586, 0.889575758144, 0.967699304515, 0.992255835095, 0.953615429542, 
0.961317471923, 0.986128229257, 0.754365549315, 0.0, 0.986018206217, 0.97191799549, 0.936313750029, 0.972879195287, 0.856749261422, 0.973802191968, 0.972037571902, 0.877897612501, 0.973336601307, 0.835391182828, 0.989343657518, 0.913456299391, 0.938557908964, 0.974925446277, 0.996902656191, 0.971875400558, 
0.875603732254, 0.897230575173, 0.974550570674, 0.986018206217, 0.0, 0.984814740075, 0.8794381754, 0.712338999732, 0.953513173409, 0.543044487524, 0.693015584757, 0.898498437445, 0.937023084774, 0.925128170749, 0.984608101752, 0.805007783526, 0.766982693958, 0.816803173791, 0.977236861219, 0.636714343295, 
0.842255448494, 0.960692921245, 0.942183277373, 0.97191799549, 0.984814740075, 0.0, 0.972049827917, 0.955814745647, 0.970487073235, 0.962140834799, 0.95980882162, 0.920211255254, 0.978405175204, 0.976953685651, 0.979707397531, 0.84725287704, 0.911856339269, 0.967259911984, 0.990758981683, 0.985948056595, 
0.908960226831, 0.903323194678, 0.881773871642, 0.936313750029, 0.8794381754, 0.972049827917, 0.0, 0.906067860758, 0.882247489383, 0.896290403322, 0.902052360806, 0.673652784473, 0.924695332865, 0.6924599386, 0.927190644332, 0.809956795794, 0.83125195477, 0.938338929151, 0.988586277072, 0.626259226004, 
0.555512222395, 0.856289244051, 0.953293931363, 0.972879195287, 0.712338999732, 0.955814745647, 0.906067860758, 0.0, 0.905813943911, 0.286245151914, 0.186680035209, 0.792088136265, 0.885535150484, 0.88838703778, 0.98173449126, 0.5633390294, 0.277431082976, 0.103111742375, 0.972273740137, 0.869371347667, 
0.905572121274, 0.961203998193, 0.917694494423, 0.856749261422, 0.953513173409, 0.970487073235, 0.882247489383, 0.905813943911, 0.0, 0.907511840121, 0.880860261152, 0.688184409285, 0.925369218238, 0.753716429592, 0.937629759445, 0.799218553966, 0.798475663667, 0.932481505953, 0.981289208483, 0.932638576801, 
0.681253412123, 0.856414477093, 0.958370280951, 0.973802191968, 0.543044487524, 0.962140834799, 0.896290403322, 0.286245151914, 0.907511840121, 0.0, 0.26419740009, 0.819411313405, 0.854771772317, 0.868853367689, 0.964955545473, 0.623284608969, 0.443803020653, 0.483211974923, 0.938209867038, 0.817044480049, 
0.553952938454, 0.861154424017, 0.952173953281, 0.972037571902, 0.693015584757, 0.95980882162, 0.902052360806, 0.186680035209, 0.880860261152, 0.26419740009, 0.0, 0.757658443733, 0.879624683197, 0.86614908369, 0.98058223759, 0.489097256685, 0.227967914869, 0.292668967854, 0.963574656668, 0.864055670435, 
0.746139517727, 0.886280155734, 0.608765729831, 0.877897612501, 0.898498437445, 0.920211255254, 0.673652784473, 0.792088136265, 0.688184409285, 0.819411313405, 0.757658443733, 0.0, 0.86396581556, 0.794386112225, 0.971085198334, 0.446904569276, 0.570176488624, 0.843160559862, 0.980822648912, 0.821535780156, 
0.850938078798, 0.949876635945, 0.963966219227, 0.973336601307, 0.937023084774, 0.978405175204, 0.924695332865, 0.885535150484, 0.925369218238, 0.854771772317, 0.879624683197, 0.86396581556, 0.0, 0.870635704526, 0.971449282777, 0.769124990429, 0.781620583724, 0.919800070266, 0.9885449187, 0.953701299657, 
0.906483133436, 0.946730294915, 0.916009850651, 0.835391182828, 0.925128170749, 0.976953685651, 0.6924599386, 0.88838703778, 0.753716429592, 0.868853367689, 0.86614908369, 0.794386112225, 0.870635704526, 0.0, 0.903194708545, 0.819750912629, 0.805635345117, 0.918568139052, 0.99184886196, 0.901159924615, 
0.979678352171, 0.968406648432, 0.992044695289, 0.989343657518, 0.984608101752, 0.979707397531, 0.927190644332, 0.98173449126, 0.937629759445, 0.964955545473, 0.98058223759, 0.971085198334, 0.971449282777, 0.903194708545, 0.0, 0.972295172032, 0.972849778217, 0.986663404649, 0.988153398424, 0.982995306741, 
0.373568761617, 0.725229794591, 0.8414458586, 0.913456299391, 0.805007783526, 0.84725287704, 0.809956795794, 0.5633390294, 0.799218553966, 0.623284608969, 0.489097256685, 0.446904569276, 0.769124990429, 0.819750912629, 0.972295172032, 0.0, 0.201050867084, 0.651791949334, 0.96246662476, 0.846132747921, 
0.2910115761, 0.759474930496, 0.889575758144, 0.938557908964, 0.766982693958, 0.911856339269, 0.83125195477, 0.277431082976, 0.798475663667, 0.443803020653, 0.227967914869, 0.570176488624, 0.781620583724, 0.805635345117, 0.972849778217, 0.201050867084, 0.0, 0.379205663605, 0.965522524765, 0.853000989139, 
0.604216558066, 0.902398095107, 0.967699304515, 0.974925446277, 0.816803173791, 0.967259911984, 0.938338929151, 0.103111742375, 0.932481505953, 0.483211974923, 0.292668967854, 0.843160559862, 0.919800070266, 0.918568139052, 0.986663404649, 0.651791949334, 0.379205663605, 0.0, 0.980909790381, 0.918533453925, 
0.982522594223, 0.981504767174, 0.992255835095, 0.996902656191, 0.977236861219, 0.990758981683, 0.988586277072, 0.972273740137, 0.981289208483, 0.938209867038, 0.963574656668, 0.980822648912, 0.9885449187, 0.99184886196, 0.988153398424, 0.96246662476, 0.965522524765, 0.980909790381, 0.0, 0.980156352238, 
0.922640660245, 0.873289326937, 0.953615429542, 0.971875400558, 0.636714343295, 0.985948056595, 0.626259226004, 0.869371347667, 0.932638576801, 0.817044480049, 0.864055670435, 0.821535780156, 0.953701299657, 0.901159924615, 0.982995306741, 0.846132747921, 0.853000989139, 0.918533453925, 0.980156352238, 0.0 
};
