/* Table automatically generated by a python dictionary.
 The Substitution Matrix format is as follow:


A	C	D	E	F	G	H	I	K	L	M	N	P	Q	R	S	T	V	W	Y	
0.0	0.895	0.958	0.974	0.923	0.872	0.942	0.664	0.941	0.773	0.666	0.828	0.892	0.942	0.985	0.491	0.397	0.708	0.988	0.953	
0.895	0.0	0.985	0.991	0.928	0.971	0.931	0.901	0.977	0.897	0.910	0.925	0.967	0.966	0.975	0.785	0.816	0.941	0.986	0.905	
0.958	0.985	0.0	0.803	0.984	0.955	0.914	0.970	0.946	0.974	0.970	0.677	0.976	0.943	0.995	0.884	0.922	0.981	0.994	0.970	
0.974	0.991	0.803	0.0	0.991	0.979	0.955	0.983	0.888	0.984	0.982	0.911	0.982	0.869	0.993	0.935	0.956	0.982	0.998	0.981	
0.923	0.928	0.984	0.991	0.0	0.991	0.918	0.792	0.971	0.625	0.775	0.937	0.958	0.950	0.989	0.864	0.840	0.882	0.984	0.708	
0.872	0.971	0.955	0.979	0.991	0.0	0.980	0.970	0.979	0.975	0.973	0.939	0.986	0.984	0.984	0.875	0.934	0.978	0.993	0.991	
0.942	0.931	0.914	0.955	0.918	0.980	0.0	0.939	0.919	0.931	0.939	0.744	0.947	0.757	0.942	0.866	0.881	0.964	0.992	0.698	
0.664	0.901	0.970	0.983	0.792	0.970	0.939	0.0	0.938	0.383	0.292	0.860	0.922	0.926	0.988	0.682	0.383	0.165	0.980	0.912	
0.941	0.977	0.946	0.888	0.971	0.979	0.919	0.938	0.0	0.938	0.915	0.753	0.947	0.809	0.951	0.854	0.846	0.959	0.985	0.954	
0.773	0.897	0.974	0.984	0.625	0.975	0.931	0.383	0.938	0.0	0.329	0.875	0.893	0.904	0.973	0.713	0.547	0.588	0.950	0.867	
0.666	0.910	0.970	0.982	0.775	0.973	0.939	0.292	0.915	0.329	0.0	0.836	0.916	0.908	0.986	0.614	0.330	0.426	0.971	0.909	
0.828	0.925	0.677	0.911	0.937	0.939	0.744	0.860	0.753	0.875	0.836	0.0	0.900	0.856	0.980	0.546	0.664	0.904	0.986	0.869	
0.892	0.967	0.976	0.982	0.958	0.986	0.947	0.922	0.947	0.893	0.916	0.900	0.0	0.901	0.978	0.818	0.829	0.948	0.992	0.969	
0.942	0.966	0.943	0.869	0.950	0.984	0.757	0.926	0.809	0.904	0.908	0.856	0.901	0.0	0.922	0.875	0.858	0.950	0.994	0.934	
0.985	0.975	0.995	0.993	0.989	0.984	0.942	0.988	0.951	0.973	0.986	0.980	0.978	0.922	0.0	0.980	0.981	0.991	0.990	0.989	
0.491	0.785	0.884	0.935	0.864	0.875	0.866	0.682	0.854	0.713	0.614	0.546	0.818	0.875	0.980	0.0	0.303	0.770	0.970	0.894	
0.397	0.816	0.922	0.956	0.840	0.934	0.881	0.383	0.846	0.547	0.330	0.664	0.829	0.858	0.981	0.303	0.0	0.506	0.974	0.901	
0.708	0.941	0.981	0.982	0.882	0.978	0.964	0.165	0.959	0.588	0.426	0.904	0.948	0.950	0.991	0.770	0.506	0.0	0.987	0.951	
0.988	0.986	0.994	0.998	0.984	0.993	0.992	0.980	0.985	0.950	0.971	0.986	0.992	0.994	0.990	0.970	0.974	0.987	0.0	0.985	
0.953	0.905	0.970	0.981	0.708	0.991	0.698	0.912	0.954	0.867	0.909	0.869	0.969	0.934	0.989	0.894	0.901	0.951	0.985	0.0	

*/

double mtrev_160[20][20] = {
0.0, 0.895700204505, 0.958027328971, 0.974433004834, 0.923602205125, 0.872710113895, 0.942978260406, 0.664829850651, 0.941169626049, 0.773410704964, 0.666111012502, 0.828419588418, 0.892528194617, 0.942788928744, 0.985976551949, 0.491095056929, 0.397267329009, 0.708003723339, 0.988609262833, 0.953508559323, 
0.895700204505, 0.0, 0.985066052301, 0.991766276693, 0.928957765971, 0.971406708165, 0.93175479712, 0.901346811561, 0.977132417465, 0.897302164493, 0.910032282641, 0.925635198892, 0.967093231567, 0.966479984048, 0.975468659494, 0.785717169672, 0.81675673704, 0.941053906848, 0.986146960655, 0.9057324414, 
0.958027328971, 0.985066052301, 0.0, 0.803117103418, 0.984766676429, 0.955900896247, 0.914411052863, 0.970916028064, 0.946283014348, 0.974790520755, 0.970988995042, 0.677364506442, 0.976670651147, 0.943795237627, 0.995215167771, 0.884809807935, 0.922257966703, 0.98163329515, 0.994496640065, 0.97025751482, 
0.974433004834, 0.991766276693, 0.803117103418, 0.0, 0.991963863855, 0.979514415603, 0.955603083211, 0.983086548546, 0.888548281869, 0.984104442786, 0.982410648824, 0.911593603999, 0.982349127202, 0.869952996917, 0.993148999234, 0.935530350312, 0.95671106289, 0.982819737723, 0.99809637312, 0.981175132002, 
0.923602205125, 0.928957765971, 0.984766676429, 0.991963863855, 0.0, 0.991084909536, 0.91838299764, 0.79222609867, 0.971708910428, 0.625516836051, 0.775855720832, 0.937136890267, 0.958484838347, 0.950966483579, 0.989758911554, 0.864467829167, 0.840475980621, 0.882585214277, 0.98404994692, 0.708265981993, 
0.872710113895, 0.971406708165, 0.955900896247, 0.979514415603, 0.991084909536, 0.0, 0.98074015513, 0.970105035514, 0.979606815115, 0.975787658828, 0.973091587202, 0.939859711464, 0.986287468301, 0.984749394626, 0.984401354979, 0.87522211619, 0.934966594359, 0.978624924091, 0.993189897392, 0.991506264674, 
0.942978260406, 0.93175479712, 0.914411052863, 0.955603083211, 0.91838299764, 0.98074015513, 0.0, 0.939994227945, 0.919603797576, 0.931357454469, 0.939703041931, 0.744006113626, 0.947254006902, 0.757171458621, 0.942573456864, 0.866922762493, 0.881111198612, 0.964865303142, 0.99212195391, 0.698675088304, 
0.664829850651, 0.901346811561, 0.970916028064, 0.983086548546, 0.79222609867, 0.970105035514, 0.939994227945, 0.0, 0.938725675002, 0.383197192799, 0.292453397871, 0.860451513375, 0.92229252574, 0.926944091105, 0.988110963071, 0.682535743183, 0.383519935084, 0.165956706286, 0.980814361924, 0.912431042928, 
0.941169626049, 0.977132417465, 0.946283014348, 0.888548281869, 0.971708910428, 0.979606815115, 0.919603797576, 0.938725675002, 0.0, 0.938315331335, 0.915941188298, 0.75367263704, 0.947555405782, 0.80990095539, 0.95120828091, 0.85437715326, 0.846812635232, 0.959615064573, 0.985780817251, 0.954639151535, 
0.773410704964, 0.897302164493, 0.974790520755, 0.984104442786, 0.625516836051, 0.975787658828, 0.931357454469, 0.383197192799, 0.938315331335, 0.0, 0.329546307277, 0.875389690892, 0.893189639812, 0.904869611389, 0.973544230573, 0.713955167373, 0.547278949984, 0.588920907579, 0.95075180157, 0.867239340516, 
0.666111012502, 0.910032282641, 0.970988995042, 0.982410648824, 0.775855720832, 0.973091587202, 0.939703041931, 0.292453397871, 0.915941188298, 0.329546307277, 0.0, 0.836293556013, 0.916243701261, 0.908173268921, 0.986945325153, 0.614402952816, 0.330606784749, 0.426924509815, 0.971972216526, 0.909877703464, 
0.828419588418, 0.925635198892, 0.677364506442, 0.911593603999, 0.937136890267, 0.939859711464, 0.744006113626, 0.860451513375, 0.75367263704, 0.875389690892, 0.836293556013, 0.0, 0.90038787301, 0.856031481137, 0.980052000878, 0.546773902954, 0.66489369774, 0.904905323252, 0.986180053299, 0.869733665393, 
0.892528194617, 0.967093231567, 0.976670651147, 0.982349127202, 0.958484838347, 0.986287468301, 0.947254006902, 0.92229252574, 0.947555405782, 0.893189639812, 0.916243701261, 0.90038787301, 0.0, 0.901539374134, 0.978778278011, 0.818724951583, 0.829186176628, 0.948819306359, 0.992104960353, 0.969979581676, 
0.942788928744, 0.966479984048, 0.943795237627, 0.869952996917, 0.950966483579, 0.984749394626, 0.757171458621, 0.926944091105, 0.80990095539, 0.904869611389, 0.908173268921, 0.856031481137, 0.901539374134, 0.0, 0.922679063394, 0.875625672328, 0.858113640364, 0.950455709035, 0.994855573218, 0.934591837282, 
0.985976551949, 0.975468659494, 0.995215167771, 0.993148999234, 0.989758911554, 0.984401354979, 0.942573456864, 0.988110963071, 0.95120828091, 0.973544230573, 0.986945325153, 0.980052000878, 0.978778278011, 0.922679063394, 0.0, 0.980982269956, 0.981414736666, 0.99124949832, 0.990849315802, 0.989059410899, 
0.491095056929, 0.785717169672, 0.884809807935, 0.935530350312, 0.864467829167, 0.87522211619, 0.866922762493, 0.682535743183, 0.85437715326, 0.713955167373, 0.614402952816, 0.546773902954, 0.818724951583, 0.875625672328, 0.980982269956, 0.0, 0.303783360311, 0.770042624108, 0.970641509826, 0.894022485792, 
0.397267329009, 0.81675673704, 0.922257966703, 0.95671106289, 0.840475980621, 0.934966594359, 0.881111198612, 0.383519935084, 0.846812635232, 0.547278949984, 0.330606784749, 0.66489369774, 0.829186176628, 0.858113640364, 0.981414736666, 0.303783360311, 0.0, 0.506156132718, 0.974112889044, 0.901125291752, 
0.708003723339, 0.941053906848, 0.98163329515, 0.982819737723, 0.882585214277, 0.978624924091, 0.964865303142, 0.165956706286, 0.959615064573, 0.588920907579, 0.426924509815, 0.904905323252, 0.948819306359, 0.950455709035, 0.99124949832, 0.770042624108, 0.506156132718, 0.0, 0.987075514078, 0.951244697457, 
0.988609262833, 0.986146960655, 0.994496640065, 0.99809637312, 0.98404994692, 0.993189897392, 0.99212195391, 0.980814361924, 0.985780817251, 0.95075180157, 0.971972216526, 0.986180053299, 0.992104960353, 0.994855573218, 0.990849315802, 0.970641509826, 0.974112889044, 0.987075514078, 0.0, 0.985248888805, 
0.953508559323, 0.9057324414, 0.97025751482, 0.981175132002, 0.708265981993, 0.991506264674, 0.698675088304, 0.912431042928, 0.954639151535, 0.867239340516, 0.909877703464, 0.869733665393, 0.969979581676, 0.934591837282, 0.989059410899, 0.894022485792, 0.901125291752, 0.951244697457, 0.985248888805, 0.0 
};
